public class Solution {
    public static void main(String[] args) throws Exception {
        int[] mas1 = new int[]{6, 10, 7, 14, 4, 10, 12, 2, 12, 15, 6, 4, 15, 16, 16, 16, 14, 7, 15, 4, 11, 7, 13, 2, 1, 1, 13, 7, 3, 14, 3, 9, 7, 10, 6, 11, 3, 2, 13, 15, 16, 2, 2, 14, 1, 2, 13, 15, 9,
                11, 3, 4, 2, 16, 5, 2, 16, 2, 9, 3, 15, 11, 11, 6, 5, 1, 16, 7, 2, 12, 5, 2, 14, 7, 15, 15, 9, 12, 14, 2, 6, 16, 5, 8, 15, 10, 10, 15, 11, 2, 1, 10, 13, 12, 15, 1, 12, 15, 8, 14, 11, 13,
                15, 9, 4, 14, 7, 12, 9, 5, 14, 15, 5, 2, 7, 3, 12, 16, 2, 7, 2, 3, 16, 15, 14, 15, 16, 10, 14, 7, 8, 9, 4, 7, 1, 7, 4, 8, 3, 13, 12, 16, 12, 16, 2, 2, 3, 14, 1, 5, 4, 3, 7, 4, 1, 5, 2, 16,
                15, 16, 7, 7, 8, 10, 13, 8, 16, 1, 16, 3, 14, 11, 2, 9, 10, 4, 10, 13, 1, 11, 1, 4, 13, 7, 7, 14, 12, 9, 14, 10, 9, 4, 1, 16, 13, 13, 8, 13, 14, 7, 15, 11, 2, 1, 4, 12, 5, 13,
                8, 5, 8, 8, 9, 5, 15, 16, 2, 11, 9, 15, 5, 1, 3, 5, 1, 15, 2, 9, 12, 15, 15, 11, 10, 1, 12, 14, 12, 16, 10, 4, 5, 2, 12, 13, 6, 11, 12, 8, 5, 5, 7, 9, 5, 9, 14, 5, 8, 15, 14, 3, 14, 12};
        int[] countVer = new int[]{1, 2, 3, 4, 5, 6, 7, 8, 9, 10, 11, 12, 13, 14, 15, 16, 17, 18, 19, 20};
        int[] counts = new int[20];
        for (int i = 0; i < mas1.length; i++) {
            for (int j = 0; j < countVer.length; j++) {
                if (mas1[i] == countVer[j]) {
                    counts[countVer[j] - 1] += 1;
                }
            }
        }
        for (int x : counts)
        if (x != 0)
            System.out.print(x + " ");
    }
}
